5000
32767
32766
32766
32766
32766
32766
32766
32766
32766
32766
32766
32766
32766
32766
32766
32766
32766
32766
32766
32766
32766
32766
32766
32766
32766
32766
32766
32766
32766
32766
32766
32766
32766
32766
32766
32766
32766
32766
32766
32766
32766
32766
32766
32766
32766
32766
32766
32766
32766
32766
32765
32765
32765
32765
32765
32765
32765
32765
32765
32765
32764
32764
32764
32764
32764
32764
32763
32763
32763
32763
32763
32762
32762
32762
32762
32761
32761
32761
32761
32760
32760
32760
32759
32759
32758
32758
32758
32757
32757
32756
32756
32755
32755
32754
32754
32753
32753
32752
32752
32751
32750
32750
32749
32748
32748
32747
32746
32745
32745
32744
32743
32742
32741
32740
32739
32738
32737
32736
32735
32734
32733
32732
32731
32729
32728
32727
32726
32724
32723
32722
32720
32719
32717
32716
32714
32713
32711
32710
32708
32706
32704
32703
32701
32699
32697
32695
32693
32691
32689
32687
32685
32682
32680
32678
32676
32673
32671
32668
32666
32663
32661
32658
32655
32652
32650
32647
32644
32641
32638
32635
32632
32628
32625
32622
32618
32615
32611
32608
32604
32601
32597
32593
32589
32585
32581
32577
32573
32569
32565
32560
32556
32552
32547
32542
32538
32533
32528
32523
32518
32513
32508
32503
32498
32492
32487
32481
32476
32470
32464
32458
32453
32447
32440
32434
32428
32422
32415
32409
32402
32395
32388
32382
32375
32367
32360
32353
32346
32338
32331
32323
32315
32307
32299
32291
32283
32275
32266
32258
32249
32240
32231
32223
32213
32204
32195
32186
32176
32166
32157
32147
32137
32127
32117
32106
32096
32085
32074
32064
32053
32042
32030
32019
32008
31996
31984
31972
31960
31948
31936
31923
31911
31898
31885
31872
31859
31846
31833
31819
31805
31792
31778
31763
31749
31735
31720
31705
31691
31676
31660
31645
31629
31614
31598
31582
31566
31550
31533
31516
31500
31483
31465
31448
31431
31413
31395
31377
31359
31341
31322
31303
31284
31265
31246
31227
31207
31187
31167
31147
31127
31106
31086
31065
31043
31022
31001
30979
30957
30935
30913
30890
30868
30845
30822
30798
30775
30751
30727
30703
30679
30654
30629
30604
30579
30554
30528
30502
30476
30450
30423
30397
30370
30343
30315
30288
30260
30232
30203
30175
30146
30117
30088
30058
30029
29999
29969
29938
29908
29877
29845
29814
29782
29751
29718
29686
29653
29621
29587
29554
29520
29486
29452
29418
29383
29348
29313
29278
29242
29206
29170
29133
29096
29059
29022
28984
28946
28908
28870
28831
28792
28753
28713
28674
28634
28593
28552
28512
28470
28429
28387
28345
28302
28260
28217
28174
28130
28086
28042
27998
27953
27908
27862
27817
27771
27725
27678
27631
27584
27536
27489
27440
27392
27343
27294
27245
27195
27145
27095
27044
26993
26942
26890
26838
26786
26734
26681
26628
26574
26520
26466
26411
26356
26301
26246
26190
26134
26077
26020
25963
25905
25847
25789
25731
25672
25612
25553
25493
25433
25372
25311
25249
25188
25126
25063
25000
24937
24874
24810
24746
24681
24616
24551
24486
24420
24353
24286
24219
24152
24084
24016
23947
23879
23809
23740
23670
23599
23529
23457
23386
23314
23242
23169
23096
23023
22949
22875
22801
22726
22651
22575
22499
22423
22346
22269
22191
22113
22035
21956
21877
21798
21718
21638
21557
21476
21395
21313
21231
21148
21066
20982
20899
20815
20730
20645
20560
20474
20388
20302
20215
20128
20040
19952
19864
19775
19686
19596
19506
19416
19325
19234
19143
19051
18958
18866
18773
18679
18585
18491
18396
18301
18205
18110
18013
17917
17820
17722
17624
17526
17427
17328
17229
17129
17029
16928
16827
16726
16624
16522
16419
16316
16213
16109
16005
15900
15795
15690
15584
15478
15371
15264
15157
15049
14941
14833
14724
14615
14505
14395
14285
14174
14063
13951
13839
13727
13614
13501
13387
13273
13159
13045
12930
12814
12698
12582
12466
12349
12232
12114
11996
11877
11759
11640
11520
11400
11280
11159
11038
10917
10795
10673
10551
10428
10305
10181
10058
9933
9809
9684
9559
9433
9307
9181
9054
8927
8800
8672
8544
8416
8287
8158
8029
7899
7769
7638
7508
7377
7245
7114
6982
6849
6717
6584
6450
6317
6183
6049
5914
5779
5644
5509
5373
5237
5101
4964
4827
4690
4553
4415
4277
4139
4000
3861
3722
3582
3443
3303
3163
3022
2881
2740
2599
2457
2316
2174
2031
1889
1746
1603
1460
1316
1173
1029
885
740
596
451
306
160
15
-131
-276
-423
-569
-715
-862
-1009
-1156
-1303
-1450
-1598
-1746
-1894
-2042
-2190
-2338
-2487
-2636
-2784
-2933
-3083
-3232
-3381
-3531
-3680
-3830
-3980
-4130
-4280
-4431
-4581
-4732
-4882
-5033
-5184
-5335
-5486
-5637
-5788
-5939
-6090
-6242
-6393
-6544
-6696
-6848
-6999
-7151
-7303
-7454
-7606
-7758
-7910
-8062
-8214
-8365
-8517
-8669
-8821
-8973
-9125
-9277
-9428
-9580
-9732
-9884
-10036
-10187
-10339
-10490
-10642
-10793
-10945
-11096
-11247
-11399
-11550
-11701
-11852
-12002
-12153
-12304
-12454
-12605
-12755
-12905
-13055
-13205
-13355
-13504
-13654
-13803
-13952
-14101
-14250
-14398
-14547
-14695
-14843
-14991
-15138
-15286
-15433
-15580
-15727
-15873
-16020
-16166
-16312
-16457
-16603
-16748
-16892
-17037
-17181
-17325
-17469
-17612
-17755
-17898
-18041
-18183
-18325
-18466
-18607
-18748
-18888
-19029
-19168
-19308
-19447
-19586
-19724
-19862
-19999
-20136
-20273
-20409
-20545
-20681
-20816
-20950
-21085
-21218
-21352
-21484
-21617
-21749
-21880
-22011
-22142
-22272
-22401
-22530
-22658
-22786
-22914
-23041
-23167
-23293
-23418
-23543
-23667
-23791
-23914
-24036
-24158
-24279
-24400
-24520
-24639
-24758
-24877
-24994
-25111
-25227
-25343
-25458
-25573
-25686
-25799
-25912
-26023
-26134
-26245
-26354
-26463
-26571
-26679
-26786
-26892
-26997
-27101
-27205
-27308
-27410
-27512
-27613
-27713
-27812
-27910
-28008
-28104
-28200
-28295
-28390
-28483
-28576
-28667
-28758
-28848
-28938
-29026
-29113
-29200
-29286
-29371
-29454
-29537
-29619
-29701
-29781
-29860
-29939
-30016
-30093
-30168
-30243
-30316
-30389
-30461
-30531
-30601
-30670
-30737
-30804
-30870
-30934
-30998
-31061
-31122
-31183
-31242
-31301
-31358
-31415
-31470
-31524
-31577
-31629
-31680
-31730
-31779
-31826
-31873
-31918
-31962
-32006
-32048
-32089
-32128
-32167
-32204
-32241
-32276
-32310
-32342
-32374
-32405
-32434
-32462
-32489
-32514
-32539
-32562
-32584
-32605
-32624
-32643
-32660
-32676
-32690
-32703
-32716
-32726
-32736
-32744
-32751
-32757
-32762
-32765
-32767
-32767
-32767
-32765
-32762
-32757
-32751
-32744
-32736
-32726
-32715
-32702
-32688
-32673
-32657
-32639
-32620
-32599
-32578
-32554
-32530
-32504
-32477
-32448
-32418
-32387
-32354
-32320
-32284
-32247
-32209
-32170
-32129
-32086
-32042
-31997
-31951
-31903
-31853
-31802
-31750
-31697
-31642
-31585
-31527
-31468
-31408
-31346
-31282
-31217
-31151
-31083
-31014
-30944
-30872
-30798
-30723
-30647
-30570
-30491
-30410
-30328
-30245
-30160
-30074
-29986
-29897
-29807
-29715
-29622
-29527
-29431
-29333
-29234
-29134
-29032
-28929
-28824
-28718
-28610
-28502
-28391
-28280
-28166
-28052
-27936
-27819
-27700
-27580
-27458
-27335
-27211
-27085
-26958
-26830
-26700
-26568
-26436
-26302
-26166
-26030
-25892
-25752
-25611
-25469
-25325
-25181
-25034
-24887
-24738
-24587
-24436
-24283
-24129
-23973
-23816
-23658
-23499
-23338
-23176
-23012
-22848
-22682
-22515
-22346
-22176
-22005
-21833
-21660
-21485
-21309
-21132
-20953
-20774
-20593
-20411
-20228
-20043
-19858
-19671
-19483
-19294
-19103
-18912
-18719
-18526
-18331
-18135
-17938
-17740
-17540
-17340
-17139
-16936
-16733
-16528
-16322
-16116
-15908
-15699
-15489
-15279
-15067
-14854
-14640
-14426
-14210
-13993
-13776
-13557
-13338
-13118
-12897
-12674
-12451
-12228
-12003
-11777
-11551
-11324
-11096
-10867
-10638
-10407
-10176
-9944
-9712
-9478
-9244
-9009
-8774
-8538
-8301
-8063
-7825
-7586
-7347
-7107
-6866
-6625
-6383
-6140
-5897
-5654
-5410
-5165
-4920
-4675
-4429
-4182
-3936
-3688
-3440
-3192
-2944
-2695
-2446
-2196
-1946
-1696
-1445
-1194
-943
-692
-440
-188
64
316
569
821
1074
1327
1580
1833
2087
2340
2593
2847
3100
3354
3608
3861
4115
4368
4621
4875
5128
5381
5634
5887
6140
6392
6644
6896
7148
7400
7651
7902
8153
8404
8654
8904
9153
9402
9651
9899
10147
10394
10641
10888
11134
11379
11624
11869
12112
12356
12598
12840
13082
13322
13562
13802
14040
14278
14516
14752
14988
15223
15457
15690
15922
16154
16384
16614
16843
17071
17298
17524
17749
17972
18195
18417
18638
18858
19077
19294
19511
19726
19940
20153
20365
20575
20784
20992
21199
21405
21609
21812
22013
22213
22412
22610
22806
23000
23193
23385
23575
23764
23951
24137
24321
24503
24684
24864
25042
25218
25392
25565
25736
25906
26074
26240
26404
26567
26728
26887
27044
27199
27353
27505
27655
27803
27949
28093
28235
28376
28514
28651
28785
28917
29048
29176
29303
29427
29549
29670
29788
29904
30018
30129
30239
30347
30452
30555
30656
30755
30851
30945
31037
31127
31215
31300
31383
31463
31542
31618
31691
31762
31831
31898
31962
32024
32083
32140
32195
32247
32297
32344
32389
32431
32471
32508
32543
32575
32605
32633
32657
32680
32700
32717
32731
32744
32753
32760
32765
32766
32766
32762
32756
32748
32737
32723
32707
32688
32666
32642
32615
32585
32553
32519
32481
32441
32398
32353
32305
32254
32201
32145
32086
32025
31961
31894
31825
31753
31679
31601
31522
31439
31354
31266
31175
31082
30986
30888
30787
30683
30577
30468
30356
30242
30125
30006
29884
29759
29632
29502
29369
29234
29097
28957
28814
28669
28521
28371
28218
28062
27904
27744
27581
27416
27248
27077
26904
26729
26552
26371
26189
26004
25817
25627
25435
25240
25044
24844
24643
24439
24233
24025
23814
23602
23387
23169
22950
22728
22504
22278
22050
21820
21588
21353
21117
20878
20637
20395
20150
19904
19655
19404
19152
18898
18641
18383
18123
17861
17598
17332
17065
16796
16526
16254
15980
15704
15427
15148
14867
14585
14302
14017
13730
13442
13152
12862
12569
12276
11981
11684
11387
11088
10788
10486
10184
9880
9575
9269
8962
8654
8345
8035
7724
7412
7099
6785
6471
6155
5839
5522
5204
4886
4567
4247
3926
3605
3284
2962
2639
2316
1993
1669
1345
1020
695
370
45
-281
-607
-933
-1259
-1585
-1911
-2237
-2563
-2889
-3215
-3541
-3867
-4193
-4518
-4843
-5168
-5492
-5817
-6140
-6464
-6787
-7109
-7431
-7752
-8073
-8393
-8713
-9032
-9350
-9667
-9983
-10299
-10614
-10928
-11241
-11553
-11864
-12174
-12483
-12791
-13097
-13403
-13707
-14010
-14312
-14612
-14912
-15209
-15506
-15801
-16094
-16386
-16676
-16965
-17252
-17538
-17822
-18104
-18384
-18663
-18940
-19215
-19488
-19759
-20028
-20295
-20560
-20824
-21085
-21344
-21600
-21855
-22108
-22358
-22606
-22851
-23095
-23336
-23574
-23810
-24044
-24275
-24504
-24730
-24954
-25175
-25393
-25609
-25822
-26032
-26240
-26445
-26647
-26846
-27042
-27235
-27426
-27614
-27798
-27980
-28158
-28334
-28507
-28676
-28842
-29005
-29165
-29322
-29476
-29626
-29773
-29917
-30058
-30195
-30329
-30459
-30586
-30710
-30830
-30947
-31061
-31170
-31277
-31380
-31479
-31575
-31667
-31755
-31840
-31922
-31999
-32073
-32144
-32210
-32273
-32333
-32388
-32440
-32488
-32532
-32573
-32610
-32642
-32671
-32697
-32718
-32736
-32749
-32759
-32765
-32767
-32766
-32760
-32751
-32737
-32720
-32699
-32673
-32644
-32611
-32575
-32534
-32489
-32440
-32388
-32331
-32271
-32206
-32138
-32066
-31989
-31909
-31825
-31737
-31646
-31550
-31450
-31347
-31239
-31128
-31013
-30894
-30771
-30644
-30513
-30379
-30241
-30099
-29953
-29803
-29650
-29492
-29332
-29167
-28998
-28826
-28651
-28471
-28288
-28101
-27911
-27717
-27519
-27318
-27113
-26905
-26693
-26478
-26259
-26037
-25812
-25583
-25350
-25115
-24875
-24633
-24388
-24139
-23887
-23631
-23373
-23111
-22847
-22579
-22308
-22034
-21757
-21477
-21195
-20909
-20621
-20329
-20035
-19738
-19439
-19136
-18831
-18524
-18213
-17901
-17585
-17268
-16947
-16625
-16300
-15973
-15643
-15311
-14977
-14641
-14303
-13962
-13620
-13276
-12929
-12581
-12231
-11879
-11525
-11170
-10812
-10454
-10093
-9731
-9368
-9003
-8637
-8269
-7900
-7530
-7158
-6785
-6412
-6037
-5661
-5284
-4906
-4528
-4148
-3768
-3387
-3005
-2623
-2240
-1857
-1473
-1089
-704
-320
65
451
836
1222
1607
1993
2378
2764
3149
3534
3918
4303
4687
5070
5453
5835
6217
6598
6979
7358
7737
8115
8492
8868
9242
9616
9989
10360
10730
11099
11466
11832
12197
12559
12921
13280
13638
13994
14348
14701
15051
15400
15746
16091
16433
16773
17110
17446
17779
18110
18438
18763
19087
19407
19725
20040
20352
20662
20968
21272
21573
21871
22165
22457
22745
23030
23312
23591
23866
24138
24406
24671
24932
25190
25444
25695
25941
26184
26424
26659
26890
27118
27342
27561
27777
27988
28196
28399
28598
28792
28983
29169
29351
29528
29701
29870
30034
30194
30349
30499
30645
30787
30923
31055
31183
31305
31423
31536
31644
31747
31846
31939
32028
32112
32190
32264
32333
32397
32456
32509
32558
32602
32640
32674
32702
32725
32743
32756
32764
32767
32764
32756
32743
32725
32702
32673
32639
32600
32556
32507
32452
32392
32327
32257
32182
32101
32015
31924
31828
31727
31620
31509
31392
31270
31143
31011
30873
30731
30584
30431
30274
30111
29944
29771
29594
29412
29225
29032
28836
28634
28427
28216
28000
27779
27553
27323
27088
26849
26605
26356
26103
25846
25584
25318
25047
24772
24493
24210
23922
23630
23335
23035
22731
22423
22111
21795
21476
21153
20826
20495
20161
19823
19481
19136
18788
18436
18081
17723
17362
16997
16630
16259
15885
15509
15129
14747
14362
13975
13585
13192
12797
12400
12000
11598
11193
10787
10378
9968
9555
9141
8725
8307
7888
7467
7044
6620
6195
5769
5341
4912
4482
4051
3619
3186
2752
2318
1883
1448
1012
576
139
-297
-734
-1171
-1608
-2045
-2482
-2918
-3355
-3791
-4226
-4661
-5095
-5528
-5961
-6393
-6823
-7253
-7682
-8109
-8536
-8961
-9384
-9806
-10226
-10645
-11062
-11477
-11890
-12302
-12711
-13118
-13523
-13926
-14326
-14724
-15119
-15512
-15902
-16289
-16673
-17055
-17433
-17809
-18181
-18551
-18916
-19279
-19638
-19994
-20346
-20695
-21040
-21381
-21718
-22051
-22381
-22706
-23027
-23344
-23657
-23966
-24270
-24570
-24865
-25156
-25442
-25723
-26000
-26272
-26539
-26801
-27058
-27310
-27557
-27799
-28036
-28267
-28494
-28714
-28930
-29140
-29345
-29544
-29737
-29925
-30107
-30284
-30454
-30619
-30778
-30932
-31079
-31220
-31356
-31485
-31609
-31726
-31837
-31942
-32041
-32134
-32220
-32300
-32374
-32442
-32503
-32558
-32607
-32649
-32685
-32714
-32737
-32754
-32764
-32767
-32765
-32755
-32740
-32717
-32689
-32653
-32612
-32564
-32509
-32448
-32380
-32306
-32225
-32138
-32044
-31944
-31838
-31725
-31605
-31480
-31348
-31209
-31064
-30913
-30756
-30592
-30422
-30246
-30063
-29875
-29680
-29479
-29272
-29059
-28840
-28615
-28385
-28148
-27905
-27657
-27403
-27143
-26877
-26606
-26329
-26047
-25759
-25466
-25167
-24863
-24554
-24240
-23920
-23596
-23266
-22931
-22592
-22248
-21898
-21545
-21186
-20823
-20456
-20084
-19707
-19327
-18942
-18553
-18160
-17763
-17362
-16957
-16549
-16137
-15721
-15302
-14879
-14453
-14024
-13592
-13156
-12718
-12277
-11833
-11386
-10937
-10485
-10030
-9574
-9115
-8654
-8191
-7726
-7259
-6790
-6320
-5848
-5375
-4900
-4424
-3947
-3469
-2990
-2510
-2029
-1548
-1066
-584
-101
382
865
1348
1831
2314
2796
3278
3760
4241
4721
5200
5679
6156
6632
7107
7581
8053
8524
8992
9460
9925
10388
10849
11308
11765
12219
12670
13119
13566
14009
14450
14887
15322
15753
16181
16605
17026
17443
17856
18266
18672
19073
19471
19864
20253
20638
21018
21393
21764
22130
22491
22847
23199
23545
23886
24221
24551
24876
25195
25509
25817
26119
26415
26706
26990
27268
27540
27806
28066
28319
28566
28807
29040
29268
29488
29702
29909
30109
30303
30489
30668
30841
31006
31164
31315
31459
31595
31724
31846
31960
32067
32166
32258
32342
32419
32488
32550
32604
32650
32688
32719
32742
32758
32766
32765
32758
32742
32719
32687
32648
32602
32547
32485
32415
32337
32251
32158
32057
31948
31831
31707
31575
31436
31289
31134
30972
30802
30625
30440
30248
30048
29841
29627
29405
29176
28940
28697
28447
28190
27926
27655
27377
27092
26801
26503
26198
25886
25569
25245
24914
24577
24234
23885
23530
23169
22802
22430
22051
21667
21278
20883
20483
20077
19667
19251
18831
18405
17975
17540
17100
16657
16208
15756
15299
14839
14374
13906
13434
12958
12479
11997
11512
11023
10531
10037
9540
9040
8538
8033
7526
7017
6506
5993
5479
4963
4445
3926
3406
2885
2363
1840
1316
792
267
-258
-783
-1308
-1833
-2357
-2882
-3405
-3928
-4451
-4972
-5492
-6011
-6529
-7045
-7559
-8072
-8583
-9092
-9598
-10103
-10605
-11104
-11601
-12094
-12585
-13073
-13557
-14038
-14516
-14990
-15460
-15927
-16389
-16847
-17301
-17751
-18196
-18636
-19072
-19503
-19929
-20349
-20765
-21175
-21580
-21979
-22372
-22760
-23141
-23517
-23887
-24250
-24607
-24957
-25301
-25639
-25969
-26293
-26610
-26920
-27222
-27518
-27806
-28087
-28360
-28626
-28884
-29135
-29377
-29612
-29839
-30058
-30269
-30471
-30666
-30852
-31030
-31199
-31361
-31513
-31657
-31793
-31919
-32038
-32147
-32248
-32340
-32423
-32497
-32562
-32618
-32666
-32704
-32733
-32754
-32765
-32767
-32760
-32745
-32720
-32686
-32643
-32590
-32529
-32459
-32380
-32291
-32194
-32087
-31972
-31848
-31714
-31572
-31421
-31261
-31092
-30915
-30728
-30533
-30330
-30117
-29897
-29667
-29429
-29183
-28929
-28666
-28395
-28116
-27829
-27533
-27230
-26919
-26601
-26274
-25940
-25599
-25250
-24894
-24530
-24160
-23782
-23397
-23006
-22608
-22203
-21792
-21374
-20950
-20520
-20084
-19641
-19193
-18740
-18280
-17816
-17346
-16870
-16390
-15905
-15415
-14920
-14421
-13918
-13410
-12898
-12382
-11863
-11339
-10813
-10283
-9749
-9213
-8674
-8132
-7587
-7040
-6491
-5940
-5386
-4831
-4275
-3716
-3157
-2596
-2035
-1472
-909
-346
218
782
1346
1909
2473
3036
3598
4159
4719
5278
5836
6392
6946
7499
8049
8598
9144
9687
10228
10765
11300
11832
12360
12885
13406
13923
14436
14945
15449
15949
16445
16936
17421
17902
18377
18847
19311
19770
20223
20670
21110
21545
21973
22394
22809
23217
23618
24012
24398
24778
25150
25514
25870
26219
26560
26893
27217
27533
27841
28141
28431
28713
28987
29251
29507
29753
29990
30218
30437
30646
30846
31036
31217
31388
31549
31701
31842
31974
32096
32208
32309
32401
32482
32553
32615
32665
32706
32736
32756
32766
32765
32754
32732
32700
32658
32606
32543
32469
32386
32292
32188
32073
31948
31813
31668
31513
31347
31172
30986
30791
30585
30370
30145
29910
29665
29411
29147
28874
28591
28299
27998
27688
27368
27040
26703
26357
26002
25639
25267
24887
24499
24103
23699
23287
22867
22439
22004
21562
21113
20656
20193
19723
19246
18763
18273
17777
17276
16768
16255
15736
15212
14682
14148
13609
13065
12516
11964
11407
10846
10281
9713
9141
8566
7988
7407
6824
6238
5650
5059
4467
3873
3278
2681
2083
1485
885
285
-315
-915
-1516
-2116
-2715
-3314
-3912
-4508
-5104
-5697
-6290
-6880
-7468
-8054
-8637
-9217
-9795
-10369
-10941
-11508
-12072
-12632
-13188
-13739
-14286
-14829
-15366
-15899
-16426
-16948
-17464
-17974
-18478
-18976
-19468
-19953
-20432
-20904
-21368
-21826
-22276
-22718
-23153
-23580
-23999
-24410
-24812
-25206
-25592
-25969
-26336
-26695
-27045
-27385
-27716
-28038
-28349
-28651
-28943
-29225
-29497
-29759
-30010
-30251
-30482
-30701
-30911
-31109
-31296
-31473
-31638
-31793
-31936
-32068
-32189
-32299
-32397
-32483
-32559
-32622
-32675
-32715
-32744
-32762
-32767
-32762
-32744
-32715
-32674
-32622
-32558
-32482
-32395
-32296
-32185
-32063
-31929
-31784
-31628
-31460
-31281
-31090
-30888
-30675
-30451
-30216
-29970
-29713
-29445
-29167
-28878
-28578
-28268
-27948
-27617
-27276
-26925
-26565
-26194
-25814
-25424
-25025
-24617
-24200
-23774
-23338
-22895
-22442
-21982
-21513
-21036
-20551
-20059
-19559
-19052
-18537
-18016
-17488
-16953
-16411
-15864
-15310
-14751
-14186
-13616
-13040
-12460
-11874
-11284
-10690
-10091
-9489
-8883
-8273
-7660
-7044
-6425
-5803
-5180
-4554
-3926
-3296
-2665
-2033
-1400
-766
-132
503
1137
1772
2406
3039
3671
4302
4932
5560
6186
6810
7432
8051
8667
9280
9890
10496
11099
11697
12292
12881
13466
14046
14621
15191
15755
16313
16865
17411
17950
18483
19008
19527
20038
20542
21038
21526
22006
22478
22941
23396
23842
24278
24706
25124
25532
25931
26320
26699
27067
27425
27773
28110
28436
28751
29056
29349
29630
29901
30159
30406
30642
30865
31076
31276
31463
31638
31800
31950
32088
32213
32325
32425
32512
32587
32648
32697
32733
32756
32766
32763
32747
32719
32677
32622
32555
32474
32381
32274
32155
32023
31878
31721
31551
31368
31173
30965
30745
30512
30267
30010
29741
29460
29167
28862
28546
28218
27879
27528
27166
26793
26409
26015
25609
25194
24768
24332
23886
23430
22964
22489
22005
21512
21010
20499
19980
19452
18916
18373
17822
17263
16697
16125
15545
14959
14367
13768
13164
12554
11939
11319
10694
10064
9430
8792
8150
7504
6856
6204
5550
4893
4233
3572
2909
2245
1580
913
247
-421
-1088
-1755
-2421
-3087
-3751
-4414
-5076
-5736
-6393
-7048
-7700
-8349
-8995
-9638
-10276
-10911
-11541
-12166
-12787
-13402
-14012
-14616
-15214
-15806
-16392
-16971
-17543
-18107
-18664
-19214
-19755
-20289
-20814
-21330
-21837
-22336
-22824
-23304
-23774
-24233
-24683
-25122
-25551
-25969
-26376
-26771
-27156
-27529
-27890
-28240
-28578
-28903
-29216
-29517
-29806
-30081
-30344
-30594
-30830
-31054
-31264
-31461
-31644
-31814
-31970
-32113
-32241
-32356
-32456
-32543
-32616
-32674
-32719
-32749
-32765
-32766
-32754
-32727
-32686
-32631
-32562
-32478
-32380
-32268
-32142
-32002
-31848
-31680
-31498
-31302
-31092
-30869
-30632
-30381
-30118
-29840
-29550
-29246
-28930
-28601
-28259
-27904
-27537
-27158
-26766
-26363
-25948
-25521
-25083
-24634
-24173
-23702
-23220
-22728
-22225
-21712
-21190
-20658
-20116
-19566
-19006
-18438
-17861
-17277
-16684
-16084
-15476
-14862
-14240
-13612
-12978
-12337
-11691
-11039
-10383
-9721
-9055
-8384
-7710
-7032
-6350
-5666
-4978
-4289
-3597
-2903
-2208
-1511
-814
-116
583
1281
1978
2676
3372
4066
4759
5451
6139
6826
7509
8189
8866
9538
10207
10871
11530
12184
12833
13476
14113
14744
15368
15985
16596
17198
17793
18380
18958
19528
20089
20641
21184
21717
22240
22753
23255
23747
24228
24698
25156
25603
26038
26462
26873
27271
27657
28030
28390
28737
29071
29391
29698
29990
30269
30534
30784
31020
31241
31448
31640
31818
31980
32127
32260
32377
32478
32565
32636
32692
32732
32757
32766
32760
32739
32701
32648
32580
32496
32397
32282
32152
32007
31846
31670
31479
31273
31051
30815
30564
30299
30019
29724
29415
29092
28755
28403
28039
27660
27268
26863
26445
26014
25570
25114
24646
24165
23673
23169
22654
22128
21591
21043
20485
19917
19339
18751
18154
17548
16934
16311
15680
15041
14394
13741
13080
12413
11739
11060
10375
9685
8990
8290
7586
6878
6167
5452
4734
4014
3292
2568
1842
1116
388
-340
-1068
-1795
-2522
-3248
-3973
-4695
-5416
-6134
-6849
-7561
-8270
-8974
-9675
-10371
-11061
-11747
-12427
-13100
-13768
-14429
-15082
-15729
-16367
-16998
-17621
-18234
-18839
-19435
-20021
-20597
-21162
-21718
-22262
-22796
-23318
-23829
-24328
-24815
-25289
-25751
-26199
-26635
-27057
-27466
-27861
-28242
-28609
-28962
-29299
-29622
-29931
-30224
-30501
-30764
-31010
-31241
-31456
-31655
-31839
-32005
-32156
-32290
-32408
-32509
-32594
-32662
-32713
-32747
-32765
-32766
-32750
-32717
-32667
-32601
-32518
-32418
-32301
-32168
-32018
-31851
-31668
-31469
-31253
-31021
-30773
-30509
-30229
-29933
-29622
-29295
-28953
-28595
-28223
-27836
-27435
-27019
-26589
-26145
-25687
-25215
-24731
-24233
-23722
-23199
-22664
-22117
-21558
-20987
-20405
-19813
-19210
-18596
-17973
-17340
-16698
-16047
-15387
-14719
-14043
-13359
-12668
-11971
-11266
-10556
-9840
-9118
-8391
-7660
-6925
-6185
-5442
-4696
-3948
-3197
-2444
-1690
-934
-178
579
1335
2091
2846
3599
4351
5101
5848
6593
7334
8071
8804
9533
10257
10975
11688
12394
13094
13788
14474
15152
15823
16485
17138
17782
18417
19042
19657
20262
20855
21438
22009
22568
23116
23650
24173
24682
25177
25660
26128
26582
27022
27448
27858
28254
28634
28998
29347
29680
29997
30297
30581
30848
31098
31331
31547
31746
31928
32092
32238
32367
32478
32571
32646
32703
32742
32763
32765
32750
32717
32665
32596
32508
32402
32279
32137
31977
31800
31605
31392
31162
30914
30649
30367
30068
29752
29420
29071
28705
28323
27926
27513
27084
26640
26180
25706
25218
24715
24198
23668
23124
22567
21997
21414
20819
20213
19594
18965
18324
17674
17013
16342
15661
14972
14274
13568
12854
12132
11404
10668
9927
9179
8426
7668
6906
6139
5369
4596
3819
3041
2260
1478
694
-89
-873
-1657
-2440
-3222
-4002
-4780
-5555
-6328
-7097
-7862
-8623
-9379
-10130
-10875
-11614
-12347
-13073
-13791
-14502
-15204
-15898
-16583
-17258
-17924
-18579
-19223
-19857
-20479
-21090
-21689
-22275
-22848
-23408
-23954
-24487
-25006
-25510
-25999
-26474
-26933
-27376
-27804
-28215
-28610
-28988
-29349
-29694
-30021
-30330
-30622
-30895
-31151
-31388
-31607
-31808
-31989
-32152
-32296
-32421
-32527
-32614
-32681
-32729
-32758
-32767
-32757
-32728
-32679
-32611
-32523
-32416
-32290
-32145
-31980
-31796
-31594
-31372
-31132
-30873
-30596
-30300
-29986
-29654
-29304
-28937
-28552
-28151
-27732
-27296
-26844
-26376
-25892
-25392
-24876
-24346
-23801
-23241
-22667
-22080
-21479
-20865
-20238
-19599
-18947
-18284
-17610
-16926
-16230
-15525
-14810
-14086
-13353
-12612
-11863
-11107
-10344
-9574
-8798
-8017
-7230
-6439
-5644
-4845
-4044
-3239
-2432
-1624
-814
-4
807
1617
2427
3235
4041
4845
5647
6445
7239
8030
8815
9595
10370
11138
11899
12654
13401
14139
14870
15591
16302
17004
17696
18376
19046
19704
20350
20983
21603
22211
22804
23384
23949
24499
25035
25554
26058
26546
27018
27472
27910
28331
28733
29118
29485
29833
30163
30474
30766
31039
31292
31526
31740
31934
32108
32262
32395
32508
32601
32673
32725
32756
32767
32756
32725
32673
32601
32508
32394
32260
32105
31930
31735
31519
31283
31027
30752
30457
30142
29809
29456
29084
28694
28285
27858
27413
26951
26471
25974
25460
24930
24384
23822
23245
22652
22045
21424
20789
20140
19478
18803
18116
17418
16708
15986
15255
14513
13762
13002
12233
11456
10672
9880
9082
8277
7468
6653
5833
5010
4183
3353
2521
1687
852
16
-821
-1657
-2492
-3326
-4157
-4986
-5813
-6635
-7454
-8267
-9076
-9879
-10675
-11465
-12247
-13022
-13788
-14545
-15293
-16031
-16759
-17476
-18181
-18875
-19556
-20225
-20881
-21523
-22150
-22764
-23362
-23945
-24513
-25064
-25599
-26117
-26618
-27101
-27567
-28014
-28443
-28853
-29244
-29615
-29967
-30299
-30611
-30903
-31174
-31424
-31654
-31862
-32049
-32215
-32359
-32482
-32583
-32662
-32719
-32754
-32767
-32759
-32728
-32675
-32601
-32504
-32386
-32245
-32083
-31900
-31694
-31468
-31220
-30951
-30661
-30350
-30018
-29666
-29294
-28903
-28491
-28060
-27610
-27141
-26653
-26148
-25624
-25083
-24525
-23950
-23358
-22750
-22127
-21489
-20835
-20168
-19486
-18791
-18083
-17362
-16630
-15886
-15130
-14365
-13589
-12803
-12009
-11206
-10396
-9578
-8753
-7922
-7086
-6244
-5398
-4548
-3694
-2838
-1980
-1120
-259
602
1463
2324
3182
4039
4894
5745
6592
7435
8273
9105
9932
10751
11563
12368
13164
13951
14729
15496
16253
16999
17733
18454
19163
19859
20541
21209
21863
22501
23123
23730
24320
24893
25448
25986
26506
27008
27490
27953
28397
28821
29224
29607
29970
30311
30631
30929
31206
31460
31693
31903
32090
32255
32397
32516
32612
32685
32735
32762
32765
32745
32702
32635
32545
32432
32296
32137
31955
31750
31522
31272
30999
30704
30387
30048
29688
29306
28904
28480
28036
27572
27087
26584
26061
25519
24958
24380
23784
23170
22540
21894
21231
20553
19860
19152
18431
17696
16948
16187
15415
14631
13837
13032
12218
11394
10563
9723
8876
8022
7163
6297
5428
4554
3676
2796
1913
1029
144
-742
-1627
-2511
-3394
-4274
-5152
-6026
-6895
-7760
-8619
-9472
-10319
-11158
-11989
-12811
-13624
-14427
-15220
-16002
-16772
-17530
-18276
-19008
-19726
-20430
-21118
-21792
-22449
-23090
-23714
-24321
-24909
-25480
-26031
-26564
-27076
-27569
-28042
-28493
-28924
-29333
-29721
-30086
-30429
-30750
-31048
-31322
-31573
-31801
-32005
-32185
-32341
-32473
-32581
-32664
-32723
-32758
-32767
-32753
-32713
-32649
-32561
-32448
-32310
-32149
-31963
-31753
-31519
-31261
-30979
-30675
-30346
-29995
-29622
-29225
-28807
-28366
-27904
-27421
-26917
-26393
-25848
-25284
-24700
-24097
-23476
-22837
-22181
-21507
-20817
-20111
-19389
-18653
-17902
-17137
-16359
-15569
-14766
-13952
-13127
-12292
-11447
-10593
-9731
-8861
-7985
-7102
-6213
-5319
-4422
-3520
-2616
-1709
-801
108
1017
1926
2833
3738
4641
5540
6435
7326
8211
9089
9961
10826
11682
12529
13367
14195
15012
15817
16611
17391
18158
18912
19650
20374
21082
21774
22449
23106
23746
24367
24970
25553
26116
26659
27181
27682
28162
28620
29055
29467
29857
30223
30566
30885
31179
31449
31695
31915
32111
32281
32426
32546
32639
32708
32750
32766
32757
32722
32660
32573
32461
32322
32158
31968
31753
31513
31248
30958
30643
30304
29941
29553
29143
28708
28251
27772
27270
26746
26201
25635
25048
24441
23815
23169
22505
21822
21122
20405
19671
18922
18157
17377
16583
15776
14956
14124
13280
12425
11560
10686
9803
8911
8013
7107
6196
5279
4359
3434
2506
1576
645
-287
-1219
-2150
-3080
-4008
-4932
-5853
-6769
-7679
-8584
-9482
-10373
-11255
-12128
-12992
-13845
-14687
-15517
-16335
-17140
-17930
-18707
-19468
-20214
-20943
-21655
-22350
-23026
-23684
-24322
-24941
-25539
-26117
-26673
-27208
-27720
-28209
-28676
-29119
-29538
-29933
-30303
-30649
-30969
-31263
-31532
-31776
-31992
-32183
-32347
-32484
-32594
-32677
-32734
-32763
-32765
-32740
-32688
-32608
-32502
-32368
-32208
-32020
-31807
-31566
-31299
-31006
-30688
-30343
-29973
-29578
-29159
-28714
-28246
-27754
-27239
-26701
-26140
-25558
-24954
-24328
-23683
-23017
-22332
-21628
-20905
-20165
-19408
-18634
-17845
-17040
-16221
-15388
-14541
-13683
-12812
-11931
-11039
-10138
-9228
-8310
-7385
-6454
-5516
-4574
-3628
-2678
-1727
-773
182
1136
2090
3042
3992
4939
5881
6819
7751
8677
9596
10506
11408
12301
13183
14054
14913
15759
16593
17412
18217
19006
19779
20535
21274
21994
22696
23379
24042
24684
25305
25905
26482
27037
27568
28076
28560
29019
29453
29862
30246
30603
30934
31238
31516
31766
31988
32183
32351
32490
32601
32684
32738
32764
32762
32731
32671
32584
32468
32323
32151
31950
31722
31465
31182
30871
30533
30168
29777
29360
28917
28448
27955
27437
26895
26329
25740
25129
24495
23839
23163
22466
21749
21013
20258
19485
18695
17888
17065
16227
15375
14509
13630
12738
11836
10922
9999
9066
8126
7178
6223
5263
4298
3329
2357
1382
406
-570
-1547
-2522
-3495
-4465
-5431
-6393
-7349
-8299
-9242
-10177
-11102
-12018
-12924
-13818
-14700
-15569
-16424
-17265
-18091
-18900
-19693
-20468
-21225
-21963
-22682
-23380
-24058
-24714
-25348
-25959
-26547
-27112
-27652
-28167
-28657
-29121
-29559
-29970
-30355
-30712
-31041
-31343
-31616
-31861
-32077
-32264
-32421
-32550
-32648
-32718
-32757
-32767
-32747
-32698
-32618
-32509
-32370
-32202
-32005
-31778
-31523
-31238
-30925
-30584
-30215
-29818
-29393
-28942
-28465
-27961
-27431
-26876
-26297
-25693
-25066
-24415
-23742
-23047
-22331
-21594
-20837
-20061
-19266
-18454
-17624
-16778
-15916
-15039
-14148
-13244
-12328
-11400
-10461
-9513
-8555
-7590
-6617
-5638
-4653
-3664
-2671
-1676
-679
319
1317
2314
3309
4301
5289
6272
7250
8222
9186
10141
11087
12024
12949
13862
14762
15649
16522
17379
18220
19044
19851
20639
21408
22157
22886
23593
24278
24941
25580
26196
26787
27352
27893
28407
28894
29355
29788
30193
30569
30917
31236
31525
31785
32014
32214
32383
32521
32629
32706
32752
32766
32750
32703
32625
32516
32376
32205
32003
31771
31509
31217
30895
30544
30163
29754
29316
28850
28356
27836
27289
26715
26116
25492
24843
24171
23475
22756
22016
21254
20472
19670
18849
18010
17153
16280
15391
14487
13568
12637
11693
10738
9772
8797
7812
6821
5822
4818
3808
2795
1779
761
-258
-1277
-2295
-3310
-4323
-5332
-6336
-7334
-8325
-9308
-10283
-11247
-12201
-13143
-14073
-14989
-15890
-16777
-17647
-18500
-19335
-20152
-20949
-21726
-22482
-23216
-23927
-24615
-25280
-25919
-26534
-27122
-27684
-28220
-28727
-29207
-29658
-30079
-30472
-30835
-31167
-31469
-31740
-31979
-32188
-32364
-32509
-32622
-32703
-32751
