5000
-770
-1144
-735
289
1213
1213
-21
-1867
-2894
-1526
3087
10486
18981
26380
30993
32361
31334
29488
28254
28254
29178
30202
30611
30237
29467
29467
29467
29467
29467
29467
29467
29467
29467
29467
29467
29467
29467
29467
29467
29467
29467
29467
29467
29467
29467
29467
29467
29467
29467
29467
29467
29467
29467
29467
29467
29467
29467
29467
29467
29467
29467
29467
29467
29467
29467
29467
29467
29467
29467
29467
29467
29467
29466
29466
29466
29466
29466
29465
29465
29464
29464
29464
29464
29464
29464
29464
29464
29464
29464
29463
29463
29462
29462
29460
29460
29459
29459
29459
29459
29459
29459
29458
29458
29458
29457
29456
29455
29456
29456
29454
29454
29453
29453
29452
29452
29451
29450
29451
29450
29450
29447
29446
29446
29445
29442
29441
29441
29441
29440
29439
29440
29439
29437
29438
29437
29434
29434
29432
29432
29429
29430
29428
29425
29424
29422
29420
29417
29416
29415
29414
29410
29411
29412
29412
29409
29407
29407
29406
29403
29401
29398
29395
29393
29392
29389
29385
29384
29384
29382
29380
29378
29371
29372
29368
29365
29365
29363
29360
29358
29355
29350
29348
29342
29342
29341
29340
29335
29333
29327
29323
29320
29318
29314
29312
29310
29305
29299
29296
29292
29288
29285
29280
29279
29273
29270
29267
29260
29257
29253
29250
29245
29237
29234
29231
29224
29221
29215
29213
29206
29200
29194
29189
29185
29177
29175
29169
29162
29157
29151
29147
29140
29134
29128
29121
29116
29108
29102
29092
29087
29083
29075
29070
29062
29055
29046
29040
29033
29025
29013
29008
29002
28994
28984
28978
28969
28962
28951
28945
28938
28929
28918
28909
28901
28891
28884
28873
28863
28856
28846
28833
28827
28814
28804
28797
28784
28772
28762
28753
28740
28731
28722
28709
28695
28687
28676
28661
28651
28637
28629
28614
28602
28592
28577
28564
28551
28540
28525
28514
28499
28485
28471
28458
28444
28430
28417
28403
28386
28376
28357
28344
28327
28311
28297
28283
28265
28252
28233
28218
28199
28186
28169
28153
28134
28118
28100
28085
28064
28047
28026
28011
27991
27974
27955
27938
27916
27900
27877
27859
27840
27823
27800
27779
27756
27739
27719
27696
27673
27656
27632
27610
27588
27568
27543
27521
27499
27477
27455
27431
27406
27384
27357
27335
27312
27290
27261
27236
27212
27187
27159
27136
27109
27082
27058
27031
27005
26976
26949
26921
26892
26870
26840
26809
26783
26756
26724
26697
26665
26638
26606
26574
26547
26518
26486
26455
26424
26390
26362
26327
26298
26266
26232
26198
26166
26134
26097
26064
26032
25996
25960
25928
25892
25857
25821
25785
25750
25711
25677
25639
25602
25564
25528
25491
25451
25415
25375
25336
25294
25257
25218
25177
25136
25097
25054
25015
24973
24929
24891
24848
24804
24762
24720
24677
24631
24588
24546
24500
24457
24411
24367
24318
24275
24226
24178
24135
24086
24041
23993
23947
23896
23848
23799
23749
23700
23648
23601
23553
23498
23449
23400
23346
23295
23241
23190
23138
23085
23031
22980
22923
22871
22817
22761
22706
22648
22592
22538
22478
22422
22369
22311
22250
22194
22134
22076
22017
21958
21901
21839
21780
21718
21654
21594
21533
21472
21408
21349
21285
21218
21155
21090
21028
20965
20899
20832
20768
20700
20637
20569
20500
20435
20368
20301
20230
20160
20093
20022
19953
19884
19811
19743
19673
19595
19528
19454
19384
19312
19236
19162
19090
19017
18941
18867
18790
18715
18639
18563
18484
18409
18329
18254
18174
18097
18020
17937
17858
17781
17701
17619
17538
17458
17374
17291
17212
17131
17047
16963
16878
16796
16710
16625
16539
16454
16367
16282
16196
16108
16022
15931
15846
15758
15667
15579
15488
15399
15308
15219
15125
15037
14945
14854
14761
14668
14573
14482
14388
14294
14200
14105
14011
13914
13819
13724
13623
13527
13434
13333
13234
13137
13038
12940
12840
12738
12639
12540
12439
12339
12236
12134
12034
11931
11827
11722
11621
11514
11413
11311
11205
11097
10997
10889
10782
10675
10568
10462
10352
10246
10137
10029
9920
9810
9701
9592
9485
9369
9260
9148
9040
8928
8814
8701
8588
8476
8363
8249
8134
8020
7903
7791
7673
7564
7447
7331
7213
7096
6978
6862
6746
6626
6510
6389
6270
6151
6034
5913
5791
5672
5553
5431
5309
5190
5069
4946
4823
4699
4578
4457
4333
4208
4084
3960
3838
3715
3587
3462
3335
3212
3086
2961
2833
2708
2580
2453
2327
2199
2071
1944
1815
1685
1560
1431
1303
1172
1043
911
784
654
526
393
264
134
4
-128
-260
-392
-524
-656
-786
-918
-1052
-1183
-1315
-1450
-1582
-1718
-1849
-1980
-2115
-2247
-2382
-2519
-2650
-2786
-2917
-3055
-3187
-3324
-3459
-3591
-3725
-3861
-3999
-4133
-4266
-4404
-4541
-4674
-4807
-4948
-5082
-5218
-5354
-5493
-5626
-5761
-5897
-6036
-6171
-6308
-6445
-6582
-6717
-6855
-6992
-7126
-7263
-7402
-7535
-7674
-7812
-7948
-8082
-8222
-8359
-8493
-8629
-8767
-8903
-9041
-9175
-9312
-9450
-9587
-9720
-9858
-9995
-10131
-10263
-10402
-10539
-10675
-10808
-10944
-11081
-11218
-11352
-11488
-11622
-11759
-11891
-12026
-12162
-12295
-12428
-12568
-12696
-12831
-12967
-13098
-13234
-13367
-13497
-13630
-13765
-13898
-14029
-14160
-14292
-14420
-14557
-14687
-14819
-14947
-15079
-15209
-15339
-15468
-15598
-15727
-15860
-15985
-16114
-16240
-16372
-16498
-16625
-16753
-16877
-17006
-17132
-17256
-17383
-17508
-17632
-17758
-17882
-18007
-18127
-18250
-18375
-18495
-18615
-18737
-18860
-18983
-19100
-19221
-19341
-19460
-19580
-19693
-19814
-19931
-20049
-20163
-20281
-20399
-20510
-20628
-20742
-20855
-20967
-21079
-21191
-21304
-21416
-21527
-21634
-21746
-21856
-21963
-22072
-22179
-22288
-22394
-22498
-22603
-22706
-22815
-22915
-23018
-23121
-23223
-23324
-23426
-23524
-23623
-23720
-23821
-23916
-24015
-24111
-24206
-24303
-24395
-24486
-24581
-24673
-24767
-24856
-24945
-25033
-25123
-25208
-25297
-25382
-25469
-25551
-25638
-25720
-25803
-25885
-25967
-26047
-26127
-26205
-26283
-26361
-26437
-26507
-26586
-26661
-26732
-26806
-26878
-26948
-27017
-27084
-27152
-27223
-27286
-27353
-27414
-27482
-27544
-27607
-27667
-27725
-27784
-27843
-27901
-27955
-28014
-28068
-28121
-28172
-28224
-28277
-28325
-28373
-28421
-28470
-28513
-28558
-28603
-28644
-28689
-28728
-28768
-28806
-28845
-28880
-28918
-28952
-28983
-29022
-29050
-29080
-29109
-29137
-29164
-29192
-29216
-29241
-29266
-29288
-29308
-29327
-29344
-29365
-29382
-29397
-29409
-29423
-29436
-29446
-29455
-29464
-29472
-29478
-29483
-29488
-29489
-29492
-29490
-29491
-29490
-29488
-29483
-29478
-29473
-29464
-29456
-29446
-29433
-29423
-29404
-29392
-29377
-29361
-29343
-29322
-29303
-29279
-29256
-29232
-29207
-29178
-29151
-29118
-29089
-29058
-29023
-28991
-28953
-28918
-28881
-28839
-28801
-28757
-28713
-28668
-28624
-28579
-28531
-28480
-28431
-28376
-28323
-28270
-28215
-28154
-28097
-28038
-27975
-27916
-27852
-27788
-27721
-27652
-27586
-27516
-27442
-27371
-27301
-27221
-27146
-27071
-26990
-26911
-26830
-26747
-26664
-26575
-26493
-26402
-26313
-26223
-26134
-26039
-25945
-25849
-25751
-25654
-25555
-25457
-25353
-25252
-25148
-25040
-24933
-24826
-24717
-24607
-24494
-24379
-24266
-24148
-24031
-23919
-23796
-23677
-23555
-23431
-23309
-23181
-23053
-22927
-22795
-22666
-22537
-22404
-22270
-22132
-21996
-21861
-21719
-21580
-21437
-21297
-21155
-21010
-20863
-20716
-20568
-20421
-20267
-20116
-19966
-19812
-19656
-19498
-19341
-19183
-19025
-18866
-18703
-18542
-18375
-18211
-18044
-17879
-17709
-17544
-17371
-17198
-17027
-16853
-16679
-16508
-16328
-16150
-15973
-15793
-15613
-15431
-15248
-15069
-14880
-14698
-14512
-14325
-14135
-13946
-13758
-13568
-13376
-13183
-12992
-12797
-12603
-12409
-12211
-12012
-11815
-11616
-11415
-11218
-11012
-10810
-10607
-10406
-10200
-9995
-9789
-9583
-9376
-9168
-8958
-8750
-8540
-8329
-8118
-7902
-7692
-7481
-7268
-7052
-6836
-6618
-6406
-6188
-5973
-5755
-5536
-5315
-5098
-4877
-4661
-4439
-4219
-3998
-3774
-3553
-3329
-3105
-2882
-2660
-2436
-2213
-1987
-1764
-1541
-1314
-1088
-860
-634
-406
-179
49
272
501
725
954
1183
1409
1637
1866
2094
2322
2550
2777
3004
3234
3463
3689
3918
4148
4374
4601
4830
5058
5286
5512
5741
5965
6193
6422
6645
6873
7098
7324
7550
7773
7999
8223
8446
8669
8894
9118
9342
9561
9785
10005
10230
10446
10668
10885
11105
11323
11544
11758
11976
12190
12406
12621
12835
13047
13261
13471
13687
13895
14107
14316
14523
14729
14937
15143
15348
15552
15755
15958
16159
16360
16560
16758
16958
17154
17349
17543
17738
17930
18122
18313
18501
18688
18875
19062
19246
19430
19613
19794
19977
20154
20331
20511
20683
20858
21028
21199
21370
21538
21707
21870
22037
22199
22359
22522
22680
22835
22989
23147
23296
23449
23597
23743
23893
24034
24180
24320
24462
24603
24736
24872
25003
25135
25265
25394
25520
25646
25767
25890
26006
26125
26239
26354
26467
26575
26683
26792
26896
26994
27095
27197
27291
27388
27480
27572
27662
27748
27834
27915
27996
28074
28149
28226
28299
28369
28439
28501
28567
28628
28691
28745
28801
28855
28906
28955
29002
29047
29092
29131
29169
29204
29239
29268
29298
29326
29349
29373
29391
29410
29426
29439
29449
29458
29463
29468
29469
29472
29466
29460
29453
29444
29431
29415
29399
29380
29358
29332
29308
29279
29249
29212
29178
29140
29098
29055
29010
28961
28912
28861
28803
28745
28687
28624
28558
28490
28423
28348
28277
28200
28119
28038
27955
27867
27781
27689
27598
27500
27402
27304
27203
27094
26988
26878
26764
26650
26534
26412
26293
26169
26044
25913
25783
25653
25513
25379
25236
25096
24952
24807
24657
24505
24353
24195
24038
23881
23717
23551
23388
23218
23049
22874
22698
22522
22343
22160
21977
21794
21608
21417
21224
21031
20835
20640
20439
20238
20035
19828
19620
19412
19204
18988
18775
18557
18338
18119
17896
17674
17449
17220
16993
16761
16527
16294
16060
15823
15583
15344
15102
14859
14614
14368
14118
13869
13620
13365
13111
12858
12598
12342
12085
11824
11561
11299
11033
10769
10503
10235
9965
9696
9425
9153
8878
8604
8329
8051
7778
7496
7219
6939
6659
6376
6092
5808
5525
5244
4956
4673
4386
4098
3812
3520
3231
2942
2652
2362
2077
1781
1491
1198
908
615
320
26
-261
-556
-851
-1145
-1437
-1731
-2025
-2316
-2609
-2905
-3198
-3490
-3783
-4074
-4371
-4660
-4953
-5247
-5535
-5828
-6116
-6408
-6696
-6987
-7276
-7563
-7852
-8141
-8424
-8710
-8994
-9276
-9558
-9843
-10126
-10406
-10688
-10967
-11242
-11519
-11796
-12072
-12345
-12618
-12886
-13158
-13429
-13697
-13965
-14230
-14491
-14752
-15020
-15278
-15536
-15792
-16046
-16300
-16554
-16805
-17053
-17299
-17543
-17790
-18034
-18276
-18510
-18749
-18984
-19215
-19446
-19675
-19904
-20129
-20352
-20573
-20794
-21009
-21223
-21433
-21647
-21851
-22061
-22263
-22464
-22662
-22859
-23053
-23243
-23434
-23623
-23805
-23987
-24165
-24342
-24517
-24688
-24856
-25023
-25187
-25349
-25503
-25661
-25814
-25965
-26109
-26254
-26394
-26531
-26668
-26803
-26931
-27058
-27180
-27299
-27420
-27533
-27645
-27752
-27855
-27961
-28061
-28156
-28247
-28334
-28423
-28508
-28586
-28661
-28736
-28804
-28872
-28936
-28996
-29049
-29104
-29154
-29201
-29244
-29282
-29320
-29353
-29385
-29408
-29434
-29452
-29467
-29479
-29487
-29493
-29495
-29494
-29487
-29479
-29470
-29452
-29436
-29410
-29383
-29356
-29323
-29284
-29246
-29201
-29154
-29102
-29051
-28991
-28931
-28866
-28796
-28725
-28650
-28571
-28487
-28400
-28312
-28218
-28122
-28019
-27917
-27811
-27701
-27586
-27468
-27344
-27223
-27095
-26963
-26829
-26693
-26549
-26408
-26254
-26104
-25948
-25791
-25630
-25466
-25295
-25128
-24950
-24779
-24593
-24406
-24220
-24029
-23838
-23641
-23442
-23240
-23034
-22822
-22609
-22396
-22176
-21955
-21730
-21507
-21275
-21044
-20810
-20573
-20327
-20086
-19840
-19590
-19339
-19082
-18826
-18564
-18307
-18040
-17770
-17505
-17230
-16957
-16679
-16401
-16120
-15832
-15550
-15260
-14974
-14680
-14385
-14088
-13789
-13489
-13186
-12883
-12577
-12267
-11957
-11646
-11332
-11017
-10701
-10382
-10065
-9741
-9416
-9094
-8767
-8440
-8115
-7785
-7454
-7120
-6788
-6454
-6118
-5780
-5446
-5105
-4768
-4429
-4086
-3743
-3401
-3061
-2716
-2369
-2026
-1681
-1338
-992
-645
-298
46
392
740
1086
1432
1782
2129
2475
2823
3169
3514
3860
4205
4550
4895
5239
5580
5925
6269
6611
6951
7291
7627
7969
8305
8643
8974
9313
9644
9978
10305
10634
10963
11290
11614
11941
12262
12581
12900
13217
13531
13846
14155
14468
14773
15081
15385
15686
15986
16284
16579
16873
17164
17452
17736
18021
18300
18583
18855
19131
19404
19670
19931
20195
20454
20711
20967
21216
21464
21708
21950
22187
22425
22657
22885
23110
23330
23551
23765
23979
24185
24389
24594
24788
24983
25175
25360
25543
25723
25899
26069
26237
26404
26558
26713
26865
27017
27156
27297
27433
27565
27692
27815
27934
28049
28158
28263
28365
28463
28556
28644
28729
28808
28883
28956
29021
29086
29142
29195
29239
29286
29323
29358
29390
29417
29435
29453
29463
29472
29473
29472
29465
29453
29435
29416
29390
29360
29324
29284
29241
29193
29139
29080
29016
28948
28874
28798
28716
28630
28538
28441
28344
28238
28127
28013
27897
27771
27642
27508
27372
27231
27085
26934
26778
26621
26455
26288
26114
25936
25753
25570
25377
25187
24987
24784
24576
24365
24150
23930
23704
23477
23248
23011
22772
22528
22277
22028
21774
21514
21253
20988
20719
20444
20166
19884
19603
19316
19022
18729
18431
18132
17827
17520
17207
16896
16580
16259
15936
15614
15282
14954
14621
14283
13947
13604
13259
12913
12563
12212
11858
11506
11145
10789
10424
10063
9697
9329
8957
8587
8214
7839
7466
7086
6710
6330
5947
5561
5182
4796
4408
4024
3635
3243
2857
2466
2075
1684
1295
900
509
116
-281
-671
-1065
-1457
-1851
-2244
-2635
-3031
-3421
-3813
-4205
-4598
-4987
-5375
-5762
-6151
-6537
-6923
-7307
-7693
-8074
-8456
-8837
-9212
-9592
-9963
-10340
-10711
-11081
-11450
-11816
-12181
-12543
-12905
-13260
-13619
-13969
-14321
-14670
-15016
-15357
-15700
-16038
-16372
-16702
-17036
-17361
-17683
-18002
-18324
-18633
-18945
-19252
-19555
-19857
-20152
-20445
-20734
-21019
-21299
-21579
-21852
-22120
-22384
-22647
-22909
-23158
-23410
-23655
-23893
-24128
-24360
-24586
-24808
-25029
-25240
-25447
-25654
-25852
-26046
-26237
-26418
-26598
-26773
-26941
-27106
-27263
-27419
-27564
-27711
-27847
-27983
-28108
-28231
-28344
-28454
-28560
-28661
-28757
-28845
-28930
-29006
-29080
-29146
-29207
-29262
-29309
-29354
-29394
-29427
-29451
-29473
-29485
-29493
-29498
-29497
-29486
-29475
-29455
-29431
-29398
-29358
-29313
-29266
-29211
-29151
-29085
-29012
-28931
-28848
-28759
-28663
-28556
-28455
-28339
-28224
-28098
-27970
-27831
-27687
-27539
-27391
-27229
-27066
-26895
-26722
-26539
-26356
-26159
-25963
-25760
-25556
-25342
-25124
-24900
-24670
-24435
-24201
-23954
-23709
-23452
-23193
-22928
-22659
-22389
-22109
-21827
-21539
-21244
-20951
-20645
-20344
-20032
-19719
-19402
-19080
-18751
-18422
-18086
-17747
-17404
-17058
-16708
-16354
-15997
-15638
-15270
-14903
-14535
-14161
-13785
-13402
-13018
-12632
-12247
-11853
-11457
-11061
-10660
-10259
-9853
-9448
-9040
-8631
-8216
-7799
-7383
-6965
-6544
-6122
-5698
-5276
-4846
-4424
-3993
-3565
-3132
-2702
-2269
-1839
-1403
-971
-537
-103
333
768
1202
1634
2071
2505
2939
3372
3806
4237
4670
5099
5529
5956
6387
6810
7238
7661
8079
8503
8920
9340
9750
10164
10575
10983
11390
11794
12195
12598
12992
13386
13776
14167
14550
14933
15309
15687
16058
16427
16793
17154
17511
17866
18213
18562
18903
19240
19574
19908
20229
20549
20865
21178
21484
21785
22081
22374
22662
22942
23221
23493
23763
24024
24276
24529
24774
25013
25248
25475
25694
25915
26122
26327
26526
26720
26903
27086
27259
27428
27585
27748
27892
28035
28169
28299
28423
28539
28647
28750
28848
28936
29018
29096
29162
29225
29279
29329
29371
29407
29434
29455
29471
29476
29474
29470
29454
29434
29403
29372
29327
29279
29223
29161
29092
29013
28930
28840
28739
28637
28526
28405
28276
28147
28007
27862
27710
27550
27386
27211
27030
26846
26651
26451
26243
26033
25815
25588
25359
25119
24877
24630
24370
24106
23840
23566
23284
22998
22709
22410
22109
21798
21484
21166
20841
20510
20173
19834
19488
19137
18784
18425
18058
17688
17314
16937
16549
16164
15776
15381
14979
14577
14171
13757
13344
12926
12505
12079
11652
11219
10785
10348
9911
9468
9022
8574
8127
7675
7219
6765
6305
5842
5383
4921
4453
3989
3522
3052
2586
2116
1647
1172
703
228
-242
-717
-1188
-1661
-2133
-2605
-3074
-3547
-4020
-4489
-4955
-5420
-5886
-6353
-6814
-7275
-7736
-8196
-8651
-9104
-9555
-10006
-10454
-10896
-11337
-11777
-12213
-12645
-13076
-13503
-13925
-14344
-14762
-15175
-15583
-15989
-16387
-16784
-17175
-17566
-17945
-18325
-18699
-19069
-19432
-19793
-20145
-20494
-20840
-21178
-21509
-21836
-22157
-22470
-22784
-23087
-23381
-23675
-23962
-24238
-24513
-24775
-25037
-25289
-25536
-25776
-26007
-26230
-26450
-26661
-26866
-27063
-27254
-27438
-27611
-27779
-27938
-28091
-28237
-28374
-28504
-28628
-28739
-28846
-28943
-29035
-29116
-29190
-29256
-29318
-29370
-29412
-29447
-29470
-29489
-29502
-29503
-29496
-29482
-29460
-29430
-29391
-29344
-29289
-29223
-29151
-29076
-28989
-28890
-28791
-28672
-28555
-28426
-28289
-28146
-27994
-27835
-27669
-27496
-27308
-27120
-26917
-26712
-26498
-26279
-26046
-25812
-25569
-25317
-25057
-24792
-24520
-24238
-23953
-23660
-23357
-23052
-22736
-22416
-22090
-21755
-21418
-21070
-20718
-20358
-19994
-19626
-19248
-18866
-18481
-18088
-17688
-17286
-16878
-16465
-16046
-15620
-15197
-14763
-14325
-13884
-13440
-12991
-12538
-12079
-11620
-11157
-10690
-10217
-9743
-9265
-8788
-8301
-7821
-7330
-6840
-6349
-5854
-5360
-4859
-4360
-3859
-3356
-2854
-2349
-1844
-1336
-832
-323
184
691
1197
1707
2215
2722
3225
3734
4236
4738
5238
5741
6238
6737
7233
7727
8218
8705
9195
9680
10159
10637
11113
11585
12051
12521
12980
13440
13892
14343
14790
15232
15667
16102
16530
16951
17367
17780
18192
18592
18986
19380
19763
20145
20519
20887
21245
21600
21947
22291
22624
22954
23272
23587
23895
24191
24485
24771
25047
25318
25578
25833
26077
26317
26546
26768
26982
27187
27383
27571
27751
27922
28085
28239
28385
28520
28649
28771
28876
28977
29067
29150
29222
29287
29342
29390
29425
29453
29471
29482
29478
29470
29448
29423
29383
29338
29280
29213
29136
29052
28961
28858
28744
28623
28490
28349
28204
28047
27878
27704
27517
27325
27120
26911
26688
26461
26225
25979
25724
25459
25187
24907
24622
24327
24022
23713
23392
23067
22734
22388
22042
21685
21317
20950
20571
20185
19796
19395
18991
18581
18161
17741
17312
16877
16436
15991
15535
15080
14617
14153
13679
13205
12721
12236
11748
11256
10759
10256
9752
9240
8732
8220
7699
7177
6656
6129
5603
5071
4541
4011
3476
2938
2403
1863
1324
787
244
-295
-835
-1377
-1914
-2456
-2996
-3533
-4068
-4602
-5140
-5671
-6205
-6735
-7259
-7784
-8310
-8829
-9344
-9859
-10370
-10875
-11385
-11881
-12379
-12870
-13357
-13842
-14325
-14793
-15266
-15730
-16188
-16645
-17092
-17533
-17969
-18401
-18827
-19244
-19656
-20061
-20459
-20853
-21235
-21613
-21984
-22346
-22700
-23047
-23386
-23718
-24041
-24353
-24663
-24959
-25251
-25529
-25800
-26064
-26314
-26560
-26798
-27023
-27240
-27449
-27645
-27834
-28011
-28181
-28339
-28489
-28627
-28757
-28875
-28984
-29084
-29169
-29250
-29317
-29374
-29422
-29457
-29484
-29499
-29503
-29500
-29484
-29459
-29422
-29375
-29318
-29252
-29168
-29079
-28980
-28871
-28751
-28618
-28480
-28329
-28168
-27997
-27816
-27623
-27420
-27209
-26987
-26757
-26516
-26264
-26005
-25736
-25457
-25167
-24870
-24564
-24250
-23922
-23589
-23246
-22896
-22539
-22170
-21793
-21413
-21019
-20620
-20213
-19799
-19375
-18948
-18513
-18068
-17614
-17162
-16698
-16228
-15751
-15270
-14785
-14293
-13792
-13288
-12780
-12266
-11747
-11227
-10698
-10168
-9634
-9096
-8554
-8008
-7461
-6907
-6351
-5793
-5233
-4674
-4111
-3544
-2976
-2412
-1844
-1270
-701
-131
441
1011
1584
2153
2725
3294
3861
4429
4991
5554
6119
6678
7237
7792
8342
8891
9437
9978
10515
11054
11584
12108
12631
13152
13662
14169
14671
15166
15663
16146
16625
17098
17564
18028
18480
18927
19366
19797
20223
20639
21050
21449
21843
22226
22606
22972
23329
23682
24021
24352
24675
24990
25291
25583
25868
26144
26407
26662
26904
27138
27360
27568
27769
27964
28140
28309
28467
28616
28747
28872
28984
29085
29176
29256
29324
29377
29419
29451
29473
29484
29482
29463
29439
29403
29355
29295
29223
29131
29038
28933
28813
28685
28544
28388
28226
28048
27863
27662
27454
27232
27002
26761
26506
26241
25971
25683
25390
25084
24768
24441
24106
23762
23406
23041
22669
22282
21894
21491
21079
20658
20233
19796
19354
18904
18442
17974
17499
17016
16526
16030
15529
15021
14504
13981
13453
12921
12381
11838
11288
10737
10178
9614
9048
8474
7903
7326
6743
6161
5574
4983
4390
3800
3203
2609
2008
1410
811
209
-390
-990
-1590
-2191
-2790
-3386
-3987
-4584
-5177
-5767
-6355
-6942
-7528
-8107
-8685
-9263
-9833
-10400
-10962
-11522
-12078
-12625
-13169
-13708
-14239
-14768
-15288
-15805
-16309
-16814
-17306
-17797
-18276
-18746
-19212
-19668
-20120
-20557
-20990
-21413
-21825
-22230
-22627
-23012
-23389
-23752
-24111
-24454
-24794
-25119
-25433
-25737
-26030
-26310
-26583
-26844
-27092
-27329
-27552
-27765
-27965
-28156
-28333
-28499
-28650
-28790
-28917
-29033
-29136
-29228
-29305
-29375
-29424
-29464
-29492
-29508
-29507
-29498
-29472
-29436
-29388
-29328
-29248
-29160
-29061
-28946
-28819
-28683
-28529
-28364
-28188
-28001
-27798
-27587
-27359
-27123
-26875
-26610
-26340
-26054
-25760
-25448
-25132
-24802
-24462
-24108
-23745
-23370
-22985
-22593
-22187
-21773
-21350
-20913
-20471
-20020
-19558
-19090
-18610
-18121
-17628
-17120
-16612
-16090
-15565
-15033
-14489
-13946
-13391
-12832
-12265
-11694
-11118
-10538
-9950
-9360
-8764
-8160
-7560
-6955
-6343
-5728
-5113
-4495
-3874
-3248
-2626
-2000
-1372
-744
-115
512
1139
1769
2397
3023
3649
4274
4895
5516
6133
6748
7362
7970
8576
9176
9774
10368
10958
11542
12121
12693
13262
13824
14378
14925
15470
16005
16537
17056
17571
18074
18568
19058
19538
20010
20471
20925
21365
21798
22224
22635
23039
23428
23808
24182
24539
24884
25221
25547
25859
26157
26447
26724
26987
27236
27476
27702
27914
28114
28301
28473
28632
28777
28910
29031
29137
29228
29307
29369
29420
29455
29478
29485
29479
29462
29427
29379
29318
29244
29153
29050
28932
28802
28660
28501
28331
28142
27942
27731
27505
27266
27013
26750
26468
26179
25875
25558
25231
24891
24537
24172
23796
23410
23009
22598
22175
21744
21301
20845
20384
19911
19427
18932
18432
17922
17401
16869
16331
15786
15231
14675
14105
13530
12948
12360
11765
11162
10557
9945
9328
8707
8083
7452
6816
6182
5541
4898
4251
3604
2951
2302
1647
995
340
-320
-972
-1625
-2284
-2937
-3588
-4240
-4887
-5532
-6178
-6817
-7460
-8089
-8721
-9348
-9969
-10587
-11198
-11807
-12404
-13000
-13591
-14171
-14749
-15316
-15875
-16427
-16973
-17508
-18035
-18557
-19063
-19562
-20055
-20537
-21004
-21464
-21912
-22351
-22777
-23196
-23596
-23991
-24371
-24739
-25092
-25438
-25768
-26084
-26389
-26680
-26958
-27223
-27472
-27707
-27930
-28137
-28333
-28511
-28676
-28826
-28963
-29082
-29189
-29277
-29356
-29417
-29463
-29495
-29510
-29511
-29495
-29465
-29422
-29364
-29287
-29196
-29093
-28970
-28837
-28688
-28523
-28342
-28149
-27941
-27715
-27478
-27228
-26959
-26678
-26386
-26079
-25757
-25421
-25074
-24711
-24334
-23948
-23551
-23139
-22714
-22277
-21828
-21370
-20898
-20416
-19925
-19421
-18907
-18384
-17851
-17307
-16755
-16190
-15621
-15042
-14458
-13864
-13263
-12655
-12037
-11418
-10789
-10154
-9515
-8872
-8222
-7565
-6909
-6245
-5579
-4912
-4241
-3563
-2890
-2212
-1533
-854
-171
509
1189
1871
2550
3229
3907
4581
5250
5924
6591
7257
7913
8572
9222
9870
10513
11149
11776
12403
13016
13631
14233
14831
15419
16000
16570
17137
17688
18230
18764
19291
19803
20308
20800
21281
21753
22209
22657
23089
23513
23921
24317
24701
25069
25427
25769
26097
26410
26715
26994
27267
27521
27762
27987
28200
28392
28573
28738
28883
29014
29131
29228
29313
29383
29433
29468
29487
29488
29475
29442
29398
29336
29259
29161
29051
28922
28779
28621
28445
28253
28044
27822
27581
27330
27060
26777
26478
26162
25834
25491
25132
24761
24374
23975
23560
23134
22696
22239
21776
21299
20808
20309
19793
19270
18732
18186
17631
17064
16485
15904
15306
14703
14090
13468
12840
12204
11562
10913
10254
9595
8927
8251
7574
6891
6206
5517
4823
4127
3427
2727
2024
1319
614
-92
-795
-1506
-2208
-2914
-3616
-4313
-5013
-5710
-6403
-7092
-7773
-8457
-9131
-9804
-10469
-11128
-11782
-12429
-13067
-13703
-14325
-14941
-15549
-16151
-16741
-17321
-17892
-18448
-19002
-19540
-20068
-20582
-21088
-21580
-22061
-22524
-22981
-23421
-23850
-24260
-24659
-25047
-25416
-25769
-26110
-26437
-26747
-27041
-27322
-27584
-27829
-28060
-28274
-28470
-28649
-28814
-28962
-29089
-29206
-29301
-29379
-29439
-29480
-29506
-29514
-29505
-29478
-29437
-29374
-29295
-29202
-29085
-28955
-28805
-28641
-28459
-28262
-28044
-27811
-27556
-27295
-27012
-26712
-26398
-26064
-25720
-25357
-24979
-24591
-24181
-23762
-23327
-22874
-22412
-21933
-21441
-20939
-20421
-19889
-19352
-18798
-18235
-17658
-17073
-16476
-15867
-15251
-14626
-13989
-13348
-12697
-12036
-11368
-10694
-10010
-9326
-8632
-7937
-7231
-6521
-5808
-5094
-4376
-3653
-2928
-2204
-1475
-747
-16
718
1445
2173
2902
3628
4353
5073
5792
6506
7219
7928
8629
9327
10017
10702
11380
12056
12721
13378
14026
14666
15300
15921
16538
17138
17732
18313
18884
19442
19988
20520
21043
21550
22047
22532
22997
23453
23891
24315
24725
25122
25498
25861
26206
26537
26854
27147
27428
27691
27937
28170
28374
28569
28744
28900
29038
29160
29260
29342
29408
29456
29484
29495
29484
29455
29410
29343
29261
29158
29036
28898
28740
28564
28370
28157
27926
27679
27412
27131
26831
26512
26176
25826
25456
25073
24673
24253
23824
23376
22912
22437
21946
21439
20920
20384
19841
19282
18708
18121
17529
16920
16303
15674
15036
14382
13725
13057
12379
11696
11003
10304
9598
8887
8167
7441
6713
5979
5241
4501
3753
3008
2260
1509
754
2
-751
-1503
-2258
-3007
-3757
-4501
-5244
-5986
-6724
-7454
-8184
-8907
-9626
-10337
-11041
-11735
-12427
-13110
-13786
-14447
-15103
-15748
-16380
-17007
-17624
-18223
-18813
-19394
-19957
-20512
-21048
-21574
-22084
-22583
-23063
-23530
-23983
-24416
-24839
-25238
-25624
-25994
-26347
-26680
-26993
-27297
-27577
-27839
-28083
-28310
-28515
-28701
-28870
-29020
-29149
-29262
-29355
-29425
-29476
-29507
-29518
-29509
-29480
-29435
-29368
-29282
-29175
-29048
-28902
-28736
-28553
-28347
-28126
-27883
-27619
-27343
-27043
-26725
-26390
-26041
-25670
-25281
-24872
-24455
-24014
-23557
-23085
-22599
-22097
-21578
-21045
-20498
-19937
-19363
-18774
-18174
-17560
-16934
-16293
-15646
-14987
-14317
-13638
-12946
-12251
-11541
-10826
-10101
-9373
-8638
-7894
-7146
-6396
-5635
-4874
-4107
-3336
-2567
-1794
-1018
-243
530
1306
2081
2857
3626
4395
5161
5926
6681
7440
8186
8932
9669
10402
11125
11845
12555
13251
13944
14625
15296
15959
16608
17246
17872
18486
19089
19674
20250
20814
21358
21888
22406
22907
23390
23859
24310
24745
25162
25560
25944
26305
26651
26976
27284
27574
27844
28091
28321
28529
28716
28888
29034
29165
29272
29359
29424
29469
29493
29493
29479
29434
29377
29299
29197
29074
28926
28764
28584
28374
28150
27905
27639
27354
27051
26724
26382
26019
25636
25240
24819
24383
23932
23458
22970
22465
21944
21408
20856
20286
19704
19110
18498
17874
17238
16587
15926
15253
14569
13874
13165
12450
11725
10995
10251
9501
8744
7984
7214
6438
5660
4879
4088
3301
2506
1711
915
120
-681
-1477
-2273
-3068
-3861
-4650
-5439
-6219
-7001
-7772
-8542
-9305
-10059
-10805
-11549
-12284
-13004
-13720
-14423
-15116
-15798
-16470
-17130
-17776
-18413
-19030
-19635
-20229
-20805
-21370
-21914
-22442
-22959
-23456
-23932
-24394
-24840
-25265
-25669
-26059
-26428
-26777
-27106
-27414
-27703
-27972
-28222
-28446
-28651
-28832
-28997
-29138
-29257
-29353
-29429
-29480
-29512
-29524
-29510
-29471
-29414
-29336
-29235
-29111
-28964
-28800
-28606
-28400
-28165
-27913
-27636
-27344
-27028
-26689
-26332
-25955
-25557
-25140
-24708
-24254
-23781
-23291
-22784
-22257
-21713
-21155
-20579
-19988
-19382
-18760
-18123
-17473
-16809
-16136
-15447
-14745
-14034
-13310
-12577
-11834
-11084
-10320
-9550
-8777
-7993
-7203
-6406
-5608
-4804
-3995
-3183
-2365
-1550
-734
87
903
1723
2541
3355
4167
4978
5786
6585
7382
8175
8959
9739
10509
11274
12026
12774
13508
14233
14950
15652
16342
17019
17684
18335
18978
19599
20207
20798
21375
21932
22478
23003
23510
24000
24470
24921
25352
25763
26159
26528
26880
27210
27519
27806
28069
28313
28535
28732
28908
29061
29193
29300
29387
29446
29483
29500
29490
29460
29404
29328
29225
29100
28953
28782
28587
28371
28133
27871
27586
27286
26956
26606
26237
25843
25432
25000
24550
24079
23588
23077
22549
22002
21437
20856
20260
19642
19014
18365
17706
17031
16344
15639
14924
14194
13458
12712
11950
11179
10402
9610
8818
8013
7206
6390
5567
4742
3913
3079
2244
1407
569
-270
-1111
-1949
-2784
-3620
-4453
-5283
-6108
-6929
-7743
-8553
-9353
-10149
-10934
-11713
-12478
-13241
-13988
-14724
-15449
-16162
-16860
-17544
-18217
-18875
-19517
-20140
-20749
-21342
-21920
-22475
-23015
-23534
-24036
-24519
-24978
-25418
-25840
-26238
-26615
-26972
-27305
-27617
-27905
-28169
-28411
-28627
-28825
-28998
-29145
-29269
-29368
-29444
-29495
-29520
-29523
-29499
-29454
-29379
-29288
-29165
-29023
-28851
-28663
-28444
-28203
-27941
-27654
-27340
-27009
-26653
-26275
-25874
-25452
-25009
-24544
-24061
-23556
-23032
-22487
-21925
-21341
-20744
-20124
-19491
-18842
-18173
-17495
-16793
-16086
-15359
-14621
-13872
-13112
-12337
-11551
-10758
-9956
-9144
-8324
-7497
-6662
-5824
-4979
-4134
-3278
-2425
-1567
-707
152
1011
1869
2727
3584
4437
5289
6130
6969
7805
8630
9451
10266
11071
11862
12646
13421
14180
14935
15672
16398
17106
17805
18487
19149
19800
20430
21047
21645
22220
22782
23321
23842
24341
24819
25278
25713
26125
26516
26885
27233
27554
27853
28127
28376
28602
28801
28976
29130
29254
29356
29426
29480
29498
29500
29471
29418
29340
29234
29103
28950
28764
28560
28329
28076
27795
27492
27162
26811
26435
26036
25614
25170
24703
24213
23704
23173
22622
22052
21462
20852
20223
19581
18916
18238
17539
16830
16101
15361
14605
13838
13056
12264
11462
10650
9825
8994
8155
7309
6454
5595
4728
3861
2989
2113
1234
356
-529
-1403
-2284
-3157
-4036
-4904
-5770
-6629
-7488
-8337
-9179
-10012
-10838
-11654
-12457
-13252
-14035
-14803
-15564
-16308
-17037
-17750
-18449
-19128
-19795
-20442
-21072
-21679
-22276
-22845
-23397
-23924
-24434
-24921
-25382
-25826
-26245
-26641
-27009
-27357
-27676
-27975
-28245
-28489
-28710
-28905
-29075
-29217
-29330
-29419
-29483
-29520
-29528
-29508
-29465
-29394
-29298
-29171
-29019
-28842
-28637
-28408
-28153
-27867
-27561
-27228
-26873
-26488
-26085
-25653
-25198
-24723
-24224
-23701
-23154
-22591
-22005
-21396
-20773
-20130
-19463
-18781
-18081
-17368
-16635
-15888
-15125
-14348
-13559
-12758
-11945
-11116
-10282
-9436
-8582
-7720
-6847
-5974
-5089
-4205
-3311
-2417
-1522
-624
276
1173
2072
2970
3866
4752
5639
6517
7395
8264
9124
9976
10817
11653
12477
13289
14085
14872
15645
16404
17144
17871
18581
19272
19950
20604
21239
21860
22455
23028
23587
24118
24628
25116
25579
26019
26434
26824
27188
27528
27841
28127
28387
28620
28826
29009
29160
29284
29380
29454
29493
29506
29491
29448
29380
29282
29155
29002
28818
28608
28373
28110
27820
27505
27162
26791
26398
25978
25534
25064
24574
24054
23514
22953
22370
21763
21137
20488
19821
19136
18433
17705
16970
16213
15443
14653
13854
13041
12212
11373
10523
9661
8788
7911
7028
6134
5234
4330
3419
2508
1590
675
-245
-1161
-2078
-2993
-3906
-4814
-5719
-6619
-7510
-8399
-9273
-10144
-11002
-11851
-12687
-13516
-14327
-15122
-15910
-16678
-17427
-18166
-18882
-19584
-20264
-20928
-21564
-22188
-22787
-23360
-23915
-24447
-24950
-25433
-25891
-26321
-26728
-27107
